3 | 16481
3 | 23620
3 | 52899
3 | 56887
3 | 66842
3 | 85320
3 | 88245
3 | 95677
3 | 96383
2 | 10091
2 | 10207
2 | 13939
2 | 14026
2 | 14479
2 | 14650
2 | 15560
2 | 16322
2 | 16698
2 | 16842
2 | 17575
2 | 18029
2 | 18558
2 | 18581
2 | 19068
2 | 19503
2 | 19524
2 | 19898
2 | 20126
2 | 20393
2 | 20472
2 | 20507
2 | 20544
2 | 20895
2 | 22013
2 | 23307
2 | 23603
2 | 23671
2 | 24867
2 | 26002
2 | 26539
2 | 27439
2 | 27603
2 | 28020
2 | 28137
2 | 28162
2 | 28218
2 | 29176
2 | 29211
2 | 29276
2 | 29941
2 | 30252
2 | 30751
2 | 30991
2 | 31112
2 | 31131
2 | 31195
2 | 31234
2 | 31274
2 | 31434
2 | 31808
2 | 32225
2 | 32536
2 | 32673
2 | 32753
2 | 33199
2 | 33602
2 | 33709
2 | 34484
2 | 34541
2 | 35065
2 | 35992
2 | 36096
2 | 36239
2 | 37651
2 | 38128
2 | 38596
2 | 39060
2 | 39424
2 | 39996
2 | 40220
2 | 40308
2 | 40513
2 | 40586
2 | 41047
2 | 41842
2 | 41895
2 | 42260
2 | 42277
2 | 42796
2 | 43442
2 | 43499
2 | 44526
2 | 44648
2 | 44965
2 | 45125
2 | 45521
2 | 45532
2 | 46224
2 | 46958
2 | 47342
2 | 47579
2 | 48396
2 | 49046
2 | 49116
2 | 49225
2 | 49316
2 | 49532
2 | 49650
2 | 50102
2 | 51398
2 | 51485
2 | 52156
2 | 52664
2 | 52744
2 | 53011
2 | 53189
2 | 53586
2 | 53732
2 | 53789
2 | 54235
2 | 55105
2 | 56503
2 | 57173
2 | 58483
2 | 58564
2 | 59140
2 | 59765
2 | 60156
2 | 60299
2 | 60536
2 | 60597
2 | 60612
2 | 60761
2 | 61836
2 | 62210
2 | 62294
2 | 62560
2 | 62662
2 | 63141
2 | 63312
2 | 63474
2 | 63631
2 | 64198
2 | 65122
2 | 65635
2 | 66105
2 | 66413
2 | 67183
2 | 67202
2 | 67577
2 | 67807
2 | 68184
2 | 68744
2 | 68781
2 | 70194
2 | 70285
2 | 71122
2 | 71837
2 | 72375
2 | 73751
2 | 73836
2 | 74571
2 | 74980
2 | 75321
2 | 75605
2 | 75753
2 | 76680
2 | 76962
2 | 77144
2 | 77514
2 | 77552
2 | 77606
2 | 77931
2 | 78079
2 | 79763
2 | 79970
2 | 80473
2 | 80863
2 | 81795
2 | 82483
2 | 83761
2 | 84014
2 | 85408
2 | 85804
2 | 85930
2 | 86052
2 | 86382
2 | 86542
2 | 86545
2 | 87226
2 | 87571
2 | 87696
2 | 87698
2 | 88000
2 | 88102
2 | 88380
2 | 88582
2 | 88806
2 | 88925
2 | 89029
2 | 89364
2 | 91661
2 | 91762
2 | 91842
2 | 92036
2 | 92045
2 | 92499
2 | 92815
2 | 93689
2 | 93696
2 | 94073
2 | 94084
2 | 94127
2 | 94237
2 | 94529
2 | 94788
2 | 95120
2 | 96568
2 | 96751
2 | 97462
2 | 97646
2 | 97889
2 | 98185
2 | 98761
2 | 98809
2 | 99110
2 | 99483
2 | 99791