HIOSIssuerID:
95765
55221
87715
65327
80957
44965
93332
99308
58003
23307
15517
74320
53096
58288
43442
49857
15411
73889
89951
93696
60409
61253
66083
42497
93165
93222
32673
74100
42074
44580
36608
66105
99685
68744
79509
83581
88426
42553
15980
37001
31358
41809
68303
99791
51965
19968
49372
21220
29797
84041
86746
31096
62294
72322
48963
30613
64159
81966
20895
90624
78462
33995
32237
33719
97596
23468
45081
67499
14730
17808
93593
82120
63141
46958
24815
50727
68140
71488
91604
71260
19728
35783
63050
46275
49700
65909
56764
95307
69989
41773
29905
86859
31237
64364
54635
45405
61403
93790
23869
32967
42434
11268
24508
35480
72267
63070
35168
68954
75295
79736
39955
47052
67358
91975
21537
71114
44146
87740
51514
11296
68822
51950
81014
41600
64671
99194
26641
65156
19841
86134
13468
11197
32352
35205
10188
39386
61670
61420
55103
16348
18558
99483
80046
94248
34762
46416
86686
19636
97176
28254
58564
20507
51398
58643
84552
68448
78790
37105
67597
48962
36239
27619
84670
90028
13627
53901
70285
63312
65122
94788
66842
29276
79475
27325
52710
88806
63004
82569
45127
82795
27523
53789
90377
78881
42491
24046
97696
18389
79828
51474
33868
36997
70737
95161
94734
10818
37028
25824
69424
97624
88102
29125
90010
59763
38712
26322
55957
20129
80978
77638
77931
94127
32753
91237
13953
91661
59025
96667
36046
89130
11593
95878
71616
88582
20984
92766
83731
10940
36026
36248
70552
18029
83744
58594
77352
17875
84033
83557
29416
75719
47509
40254
47665
42757
42690
24675
34484
57165
38498
27357
77150
80879
40586
82483
10827
17421
75687
24512
48748
13647
79325
16842
35305
35451
84014
77552
67398
15474
17060
85624
30542
64807
57259
45682
95811
78010
46273
34102
79087
79888
30252
16652
79046
19253
64235
45770
62052
29603
22201
40348
38251
34023
14993
85804
17086
87736
15424
48023
19089
25165
32651
87260
59727
48902
26675
98325
27401
26561
91586
55980
52415
84908
11119
42206
47826
66433
32366
74289
80009
69888
11211
67257
11015
36241
22110
91469
59129
78057
20037
26770
21403
47477
97782
70654
92499
13452
20126
92036
57451
92120
38344
49831
55318
53304
20563
13311
42371
68256
25807
80555
15039
98023
66332
57898
36305
85425
44234
68697
20014
50621
13939
49771
28732
17017
93122
90632
53932
44006
69644
69461
38445
16726
93018
46944
48408
14290
42159
16961
74575
11522
57417
29662
59809
27553
44902
71210
70808
35008
54189
84480
52617
73608
87535
78415
17540
13062
68259
48646
73836
38596
62637
58670
37236
80049
33720
84982
11082
74215
50357
99024
83901
81593
34132
16540
43927
32152
42507
60200
70167
60269
91804
60467
38538
21076
19136
46383
92805
91403
50970
71149
84455
14936
79307
96346
30038
59096
23029
95858
44054
22722
57624
51485
99394
36885
17454
73277
42815
42284
91370
61695
67214
19509
98990
13165
53613
64444
87968
70904
95848
15189
28902
21496
44008
80188
80863
73893
66915
20128
75849
41291
70594
84251
78611
24311
71464
58493
82011
41763
88925
98971
40702
69636
53708
36289
70239
80255
72269
93588
68948
54156
90169
12388
60761
92045
73133
86228
52461
65304
91450
22759
15540
33030
37620
87244
76696
22011
11450
22703
61124
28995
58440
22830
10354
66520
72347
30991
51826
13285
28448
61273
44722
20826
62141
72740
75393
97610
81392
12762
19871
86597
90424
31860
99555
62722
17337
29888
53135
42987
89365
10754
66764
26415
83857
22690
79816
91729
11343
72624
38433
50823
70525
22732
20338
72217
75293
30598
13262
79024
95677
66984
12318
49116
96782
27603
23633
20523
83977
18126
39566
67138
80308
18846
89506
61956
60280
83237
12799
56887
62786
39493
46471
18240
40872
12074
50931
99110
96618
50010
85589
31131
47911
27330
79456
95451
15096
11440
13364
86364
29553
41550
55599
39193
47071
85744
86321
80626
87645
14091
55563
75880
10360
14526
14823
93689
92815
64198
87997
69194
47579
41967
64210
38092
85176
40513
40733
77064
53011
98407
90933
50793
70473
78053
60561
43459
82125
63430
23816
94625
79632
26698
86622
11618
14345
95022
64481
41390
52580
26384
70822
25017
13833
53769
92435
18804
14536
27640
64677
30493
80564
18032
18409
10161
45074
73027
79645
98551
83836
85994
49464
29126
51750
12693
84139
47766
96213
55109
69401
71159
46553
86924
67612
36234
50038
31820
53739
66614
48702
85708
97667
23663
74134
98047
79850
15105
53882
14808
73943
41014
73033
26741
41779
94926
76589
96791
64620
81649
86830
75310
40025
49375
87354
57017
32921
48121
50491
63326
20427
48754
52129
94419
77663
76763
85270
92076
94811
32812
64040
67495
19482
56766
74483
64536
80815
13207
30627
23458
34871
41500
24895
40411
26933
91365
94245
90025
13401
54348
90874
54362
60694
99248
55409
31744
81808
63472
41921
97549
34772
30604
61357
11613
88186
42965
47988
35897
35944
41555
91432
30922
92184
26838
11323
11109
78590
35997
43334
14970
66351
70337
59970
46022
11555
76680
39060
44525
96477
38283
28700
43105
83737
39670
87269
56207
96126
67879
69157
39041
59324
32531
98467
18808
92137
41341
71582
97895
97604
92291
39300
50598
56415
64713
61123
61376
38530
20472
62376
59036
86310
21032
66699
58982
28152
86545
76962
86542
73609
95046
49650
75053
91069
75091
94815
20347
24404
75017
50402
74684
39159
71879
66172
22742
40591
94335
64563
85732
90963
70636
59696
30934
57868
95244
78581
17288
96669
51100
70086
29719
42135
83846
89636
26025
74332
19846
16276
21306
56139
19489
29462
67440
71179
97889
78960
81914
96320
28128
64004
15310
13537
67190
61733
13592
61021
18582
29497
10457
38972
18878
36843
13660
92915
89587
62613
92369
97131
48292
35476
61272
37912
73214
49756
84677
10198
17159
75885
87739
77500
63383
18791
95705
75003
10192
90272
97569
95120
65880
41842
28605
86532
73987
17498
88596
33791
87881
59557
77422
71834
10923
70762
38959
37151
40150
63853
36921
20604
16954
46675
85128
82057
53386
57837
61567
80402
66359
82294
70866
42802
34432
35070
32263
38837
83349
91517
87346
77265
86052
78079
94506
21066
67203
75753
66966
94820
11461
19391
19898
32853
68398
42204
99804
63773
86382
86171
17341
41269
45345
79085
50187
23324
30637
85774
70446
95495
78366
12910
53310
15833
58949
40889
78266
32229
63640
92110
83238
50237
71340
47358
44988
28618
16836
46632
76373
68653
51440
80977
29160
95087
76397
88141
30831
62662
41240
84141
21424
32162
40442
21663
16185
23841
31602
18628
12541
43839
84475
76089
54172
56503
87527
89745
80779
33990
89942
43802
74719
25152
58826
64281
72323
83761
74189
25329
92957
69455
68587
94106
45495
38835
24452
95383
33945
57989
91098
44329
63940
18201
99527
99691
87844
33726
58966
23444
82302
66528
24989
88383
69092
16661
84467
81500
42256
27135
13137
58135
24794
35648
28970
33647
44639
17991
83217
63411
56020
27512
12442
20544
50313
68687
17382
68368
72796
46093
24775
49046
67657
68321
45422
13535
60055
82824
47783
65890
83978
32940
30552
25201
65854
68880
89479
77627
80656
56191
50544
34738
60612
74756
84813
29599
14479
56682
15978
19706
54179
75975
58275
59128
39261
54459
21453
89292
90017
22229
93496
26414
27409
27772
85983
35585
77998
14753
16979
79587
45731
64068
25253
22131
30456
18350
95366
79625
33199
37097
43127
81826
70194
35317
33709
31274
72235
44259
77555
62571
58606
95700
87941
72114
38128
28218
52156
59765
44648
22600
56800
25280
61175
14136
68903
50118
95924
46651
45059
43401
18519
28330
45842
91563
34615
19652
90945
42496
20088
64625
79264
51738
48937
74057
78487
28389
60303
90441
82982
76898
15775
61589
25985
60597
88358
42171
13947
66303
96601
51571
75104
35670
79763
27833
22796
42529
92476
23939
23913
13809
33798
73040
41774
69891
66143
90335
59311
92329
24218
66426
89269
81468
77462
78009
85094
33034
85099
31325
54570
97965
17526
40448
21909
69225
24809
31174
62192
29639
58021
79288
38858
96604
93430
13029
58374
89622
47383
13942
63283
51922
41703
36096
53586
67807
57020
59928
21334
20545
82506
40373
29014
58239
72547
99129
48011
32169
34446
24301
46098
42896
16724
12690
29815
23462
79314
73490
43070
43499
94867
22273
53185
35065
11104
32747
55086
75703
52706
66746
23247
12595
18895
35755
37897
67920
50442
81656
37481
96244
97334
23950
77712
20855
44688
96578
63627
47282
38669
11265
70189
63012
44462
72542
14617
81373
31693
17575
91842
95074
98761
90613
85320
46881
50816
72074
58999
72981
13288
76179
96992
71518
36107
72850
23407
36373
32378
55720
53753
13435
69529
90535
93075
41397
60690
70956
66956
82747
35549
39632
80969
98718
93342
90129
35461
91732
46288
44541
48569
37460
88423
94505
98529
38546
96908
20063
10083
19905
48504
13857
83070
99219
36852
74980
68184
67580
12332
77847
18492
14469
87194
18973
56610
14459
25896
20498
88678
62006
51820
72160
78252
86870
86082
10201
66530
32608
81839
96496
85930
60917
27651
71268
48609
50735
39238
80882
42136
49025
61652
70780
61779
50618
25074
21502
99101
65180
68151
63260
61559
15914
60861
42628
88233
80265
79254
47767
27012
34204
56374
71122
98618
79684
86067
54822
19013
65598
84600
92426
34368
57850
10236
94968
98824
61430
20483
20467
27829
39966
54685
78558
41446
14314
86427
70898
14090
96352
16201
99924
11483
38509
98760
50274
51604
69367
61191
40652
91813
29358
59500
70738
53377
50889
95903
62049
25991
61923
19503
33734
63552
47890
72279
34822
93457
92164
19306
28773
20073
65390
39127
61160
82430
45920
56552
77029
92840
47949
56744
88824
90978
77894
65112
62573
60525
21100
54443
54437
21495
65550
81220
97530
53841
73850
23671
78501
38949
40145
11586
34197
71790
15197
50536
94659
87390
73157
38056
27777
22457
46737
57422
97096
59512
28074
82236
97218
35719
44702
84391
30261
71822
13506
31434
89219
17940
67202
75321
19913
77883
85570
44949
72402
95186
89920
81941
69842
22190
22381
21566
14030
38499
71263
67368
93653
59176
66593
15960
72134
39954
21857
77341
81874
67243
81913
48396
42796
67529
78496
73250
86305
33653
87756
90214
53576
53357
22484
78087
91322
73062
51218
95019
68468
52851
54870
28986
20630
33256
17564
69227
62133
60757
26898
38424
13155
16740
38289
90644
32539
23419
28819
60102
28573
90729
85008
88459
41483
24515
11012
13817
27555
97181
45946
38755
27880
97469
48329
13124
52754
93338
33027
23620
49225
48033
65635
17684
14468
68541
18473
72564
54059
40777
66516
61971
59639
27003
70767
54132
74790
17886
23723
14115
36677
92113
41308
44551
70263
28370
57872
10029
71969
44939
28137
45532
94084
90296
31112
77784
72375
37072
58790
31204
23775
88299
14717
56122
60767
81915
31234
77914
63046
42179
88950
98489
74932
53258
41304
38917
13200
51259
31779
30210
40739
84871
36991
72293
74754
19101
58191
22102
34250
57633
68019
79454
52125
72108
92866
27780
52694
22251
93748
25532
15218
21912
65006
88726
27059
73331
78505
74917
63631
15370
81068
27445
90615
36622
49551
40047
84398
59830
13667
15560
79203
52670
74304
45002
23592
40870
17594
26707
81907
68353
82649
80639
57141
92258
94284
95233
14156
84206
95601
52936
30601
58996
15299
55288
60829
20662
96861
22213
80331
48104
37707
97822
94777
92466
69315
99467
69094
63105
72888
86913
92735
75225
85500
50140
29241
29698
41895
89029
79970
59140
46016
26380
78302
87318
40206
16485
35443
17363
48183
67577
98289
37651
67183
66835
98185
20393
14327
45514
21891
16596
41464
18696
84439
91926
56361
28983
29772
50514
73305
51526
53516
13099
55413
92747
12627
71135
18102
65408
55459
27439
56971
31616
60190
15847
65847
85736
98516
22718
57129
78641
69406
93583
25198
46226
67450
85654
82443
17473
60845
19112
85192
49316
34604
37715
53281
91530
52346
70373
93125
60769
25424
56473
24270
88265
19492
51095
61479
49327
47944
58634
21807
70483
52437
14216
41707
52981
44416
11415
74273
33648
20515
62163
49520
21208
94237
45521
49900
46476
96568
96734
68597
29831
37710
95541
23359
98805
18010
83808
97781
11721
98218
26781
28394
81533
19951
61794
73165
59468
23686
38420
66895
63975
96820
78157
64289
14014
97560
41131
77838
10676
11844
52748
80531
16049
56617
21832
14162
87752
30433
28912
96384
82047
64701
27074
24577
36918
41018
17153
80726
45398
99171
41179
41193
96222
12363
48786
87955
20841
44480
34018
76843
83019
31904
10219
22835
44023
89467
87213
97130
56900
75980
10466
22974
20081
81997
67636
60296
26543
14026
49221
94322
71691
72064
38968
32898
16943
64679
99723
91946
95426
37977
65381
44240
77660
48161
69341
30974
86178
69117
32225
30751
24867
64206
59110
74184
89643
16621
61965
46621
46297
64929
42133
77474
32935
87061
96029
63770
49669
34445
41013
46701
30358
75379
75263
81585
62818
45632
16478
63342
82582
39823
59170
26733
87561
11883
46843
70663
56961
95974
35949
53552
88054
23603
72191
94905
72666
65602
85421
43061
67547
98048
66885
17589
62627
98754
91646
74965
22615
80761
88517
92937
91855
45078
86104
15515
81755
63333
80392
44597
71429
19524
80698
54890
78502
10324
42586
30669
13484
29678
72234
61289
73102
15438
89511
79636
59699
21637
12005
63394
50713
18781
68389
66405
58717
26947
47340
30537
89156
80227
96402
43198
14876
57145
30955
72685
51918
67809
55550
40317
31607
53694
42313
42794
43136
43618
28545
29360
13888
84539
19250
56733
52543
39786
16685
99298
82949
82748
19166
16698
60156
29211
87446
34996
82827
88951
68524
65779
19298
49021
33670
37948
74222
68307
95504
27990
36944
43226
96921
89022
63145
17255
58559
93596
59632
11262
48210
64274
11600
83198
95865
96751
42260
77118
23090
75841
54559
51889
60785
40051
24410
52282
37060
57601
61699
85663
95644
19517
63497
50560
71141
94825
18656
24847
33948
41752
78668
82416
78398
19341
45261
47203
21684
34173
67167
95259
56258
26976
61163
13574
85989
39433
72667
10191
15696
54616
91762
77606
28295
58445
37777
38617
82884
89217
88372
30731
70450
46504
65659
16182
12143
76125
63821
66331
50316
93627
99150
92722
28123
93562
47409
63124
97540
98968
75553
79652
68963
19292
13991
52450
89142
98715
90000
76823
77263
48834
80789
32681
90240
63287
76171
94937
86854
87809
79826
72431
33694
37081
99582
76153
29197
10508
57365
75605
97646
24325
57173
52744
42887
29929
61170
19722
21419
70721
34487
66916
90762
28163
60037
24556
38908
79440
67102
38649
28040
87915
51368
30931
93091
58766
37818
76010
27739
78857
34441
65647
95280
32267
66440
34863
57318
14652
92616
53428
42640
76820
47878
68253
28623
88000
67894
35591
39383
59232
74611
25328
25649
90222
83538
58084
48149
42564
73773
60589
69943
59625
80519
44113
34824
88713
13039
97324
95456
58707
39821
73180
71644
25303
78124
17210
48177
87414
86393
23522
54297
50138
89846
79852
40064
81557
37261
70575
74539
91777
75342
62255
61719
84424
11177
31808
56184
69500
85629
26420
54235
14128
26977
42754
92232
77120
92254
37285
24588
73742
42513
52229
47757
44651
81622
58398
41681
26306
76871
55731
55440
73576
40461
62512
81935
80677
47529
77470
96037
97056
91130
25644
36832
71612
20294
20248
88036
64414
79102
14442
87696
59977
76994
43283
21072
36256
85958
44007
11512
56346
94459
30158
61671
50877
69347
56741
61644
54966
34598
69614
72487
74074
54332
86508
58658
86385
33663
73751
55105
99806
39364
71860
76906
21105
76311
33181
85544
87988
39313
35503
53612
46366
42370
91833
63541
89364
86699
25605
52439
62838
13081
10751
95440
57732
37160
19525
32626
57906
28610
50474
92774
83697
49262
59321
19903
90678
69840
33756
37880
50498
62597
56726
79953
62504
98894
67129
26021
97955
64353
41587
33931
40664
78726
91165
16204
74313
61724
71559
62528
68276
95741
41047
96800
20920
80627
44888
56561
84541
42761
79138
98810
78905
10313
83396
20750
49861
36428
76169
68158
82564
56456
51184
10421
32032
80592
56652
47691
95405
80330
96779
78063
45741
87246
19018
32975
19190
84752
92660
73445
12409
10709
36204
28162
14650
56073
64156
12512
91261
68648
70000
62352
84867
29007
33232
99969
91734
50201
44123
51505
27243
48599
59642
63660
24803
73759
68503
82157
66670
71651
92896
81457
10463
29514
30704
34001
16027
95984
95237
30488
45814
89077
11230
33872
94018
42054
89767
45733
17118
38206
51144
11838
37520
87698
87571
29176
67088
17595
98905
82209
78544
76275
85990
34804
85757
76668
62505
71348
53524
66946
73039
25694
40110
22356
58780
98704
16900
45480
22031
85408
13235
32274
51217
16319
68685
18280
71369
45172
40031
34258
28891
39424
32536
63474
74571
91837
56707
96383
38277
63594
77969
23045
84333
73078
90175
62924
11877
67504
59578
71147
78614
71287
48188
94014
17039
88985
97967
12528
92564
26008
85139
60752
83764
23484
67048
75981
74231
83997
10091
95417
99389
58018
91303
59848
16072
96558
31609
52141
33871
29742
72944
63222
45404
53593
72145
30777
10078
47022
80148
32872
11663
23752
33786
95978
84906
97645
69150
77586
82019
32561
24181
25462
21175
82124
14615
21336
47818
68302
62538
28866
58929
72071
82415
38278
90518
62191
15569
52899
16481
16322
62560
19068
58819
70406
61775
22444
75729
89958
37352
10842
51133
11078
39499
64844
25407
33906
10545
93838
51575
23489
65698
48788
67430
17857
40623
61423
32901
79097
97447
77879
41376
97031
36243
33651
52692
87432
88635
43633
39357
86258
66148
12877
72872
25048
77514
29081
10575
52055
60647
90117
79881
15287
80897
87494
74221
73530
28812
23044
56978
94847
91174
39106
41815
70760
37869
64769
17411
64582
90425
30612
38416
99802
93497
20212
73714
83193
70364
57380
26596
28350
82409
98099
84939
11722
76750
94489
46964
43062
88204
44741
56753
37894
59745
93959
26020
83363
67334
53617
54551
45268
29479
64446
14820
49532
39996
89728
32899
47973
80431
94608
60067
41614
34263
10018
22442
57860
53492
56262
22369
34044
26065
83387
10390
39481
90806
45237
12280
33609
66152
64146
36667
31250
94171
85548
44069
26169
98241
87743
47153
85785
12842
60536
77144
45253
11782
96594
26240
62210
81156
50305
33994
11077
22198
76458
82466
66837
92619
68537
43741
10697
76666
73764
67288
80455
31195
36043
64255
53828
96725
56522
79133
43575
94211
55429
74636
80608
49963
84554
37468
83075
53026
52208
35504
24064
51978
83463
81875
89945
76799
72220
52802
88291
88197
63272
63021
23052
97506
21723
39842
18226
10255
40332
68676
83750
47645
22950
78620
72924
88889
74564
83315
78290
98222
29449
56818
68411
15419
60299
40778
17032
72254
78859
22638
53529
73207
97813
35351
74986
37444
69443
48069
51164
78575
70111
31552
70078
14002
20680
28053
51875
65985
56643
16000
10958
83622
29418
91716
19547
28020
58483
52218
98809
64521
40564
58840
68330
45786
40129
40220
89737
85947
48003
70754
41549
81390
70619
26847
44231
78987
83915
30609
23430
87226
75806
19046
10055
87445
97679
82595
39317
66719
12621
27334
96366
57125
19455
15104
12846
67141
42809
36403
93426
10805
91412
23979
11243
73464
65200
99434
43083
13685
84008
37168
38758
26410
52061
45076
46284
11755
59454
52222
35225
63384
46224
33602
45125
63509
69758
44569
60818
29817
53799
76388
37755
40788
26539
35329
27248
81795
58185
71837
83991
12964
39221
39301
33316
68677
71646
90711
86124
38628
80759
38607
91901
34028
80043
17655
62985
59996
78022
25141
54577
13257
36135
85250
55561
40335
48361
67335
65771
78492
25678
88223
83664
34541
44526
95118
22013
97462
11348
13529
21400
38927
51125
87925
66413
57916
48588
51764
18167
68713
55997
34343
43129
74451
89051
34847
54710
46198
26849
17155
44040
70009
68912
16830
53413
21548
27591
49765
31474
12666
89340
17481
78595
58647
26204
86487
12202
30636
23962
97812
33498
67075
39578
15406
58082
25163
21555
17424
93142
55232
41098
24492
18321
92802
77566
99663
93848
55236
22325
18355
91827
48126
56644
66663
41892
89732
87585
50576
13433
43134
98918
28971
21560
62467
16146
35586
91651
61899
67773
82811
42808
85439
81986
21731
43935
11610
57035
71562
13730
72423
35617
96619
49428
37515
71457
31513
97682
44890
16064
88380
78627
50102
96835
51207
72869
95737
27865
64629
72073
86443
89498
38234
93187
22371
12028
78971
25978
56645
21621
38599
10207
40308
55260
95185
24251
15668
54015
12586
61836
50346
71401
34473
70025
17148
69061
90359
72772
14711
53254
77339
21523
82148
29740
90350
85355
28471
99745
44153
54918
55895
96912
48894
51438
72580
94875
18581
65907
42277
66967
53732
45834
75928
91275
79276
65464
71281
36688
34673
90946
87718
69364
18699
94845
28924
99494
84481
81544
23371
81865
55762
95154
43861
41702
86557
15075
31557
80473
25768
19194
47299
43629
77132
96480
28309
62463
50330
35364
91622
51573
77393
95411
92122
40813
99044
82867
20290
47912
40857
35992
48421
55565
75441
55553
25786
58833
42669
56614
77060
45540
33577
15332
26661
62386
50318
69260
79271
25872
42066
97356
28044
65396
61292
14414
15012
30965
81740
59772
57573
87124
35322
72982
59788
17876
95628
47342
94720
59158
95255
64982
44197
88245
38752
94529
20173
57721
59810
80180
35166
81413
87416
39924
89106
51984
48139
23966
87759
45517
91058
92708
47726
64808
60562
29891
43517
53157
10641
22554
12844
99961
28101
81797
20072
12509
96005
95835
24207
16245
28181
54974
66161
37362
20903
34501
49830
25795
91497
92423
90500
86892
57637
35334
58326
94073
97399
86572
57845
69380
20495
37833
57002
52697
64138
41006
64772
53189
29941
72208
14609
49290
47823
72342
79022
41664
49714
74749
92530
44325
97266
15331
28993
22215
85445
11269
15820
15566
23871
60250
82638
26093
78170
86866
43593
38921
73822
88269
94050
37142
22320
81565
90934
74941
51270
14463
87430
47603
63645
88811
72853
87951
46695
96737
40279
67885
77299
64800
33240
94388
92856
91063
25468
24362
99292
43263
88715
89242
49761
41094
85266
34071
80208
97879
37990
26002
68781
38166
52664
48924
99852
92551
65817
37057
81974
