HIOS ID
11082
62637
73836
38344
38596
80049
42159
46944
44902
93122
44580
49771
13939
69461
59809
68259
93018
62141
60079
89365
61273
13262
99685
51826
70525
37903
30991
22732
81392
53135
65817
75293
78611
84251
98971
53901
86830
75849
70239
51485
91450
23307
66105
73893
23029
60761
92045
59096
80863
82011
90169
40702
88925
20523
40733
27603
70285
47579
40025
99483
84014
56887
99110
67138
68744
40513
27330
92815
18126
92499
64198
35305
49116
95677
93689
92137
49375
63312
20472
66699
76680
74320
79509
21032
35944
11555
80208
97879
87269
39060
67879
59036
39159
86545
74684
87354
76962
94815
75091
95882
91069
89130
29462
71179
86542
49650
73987
77422
86052
78079
94506
75753
41842
67190
29497
13537
81914
76168
78960
97569
97889
61021
18628
23841
42204
19898
16842
66966
21663
48121
76089
57451
92120
56503
40442
27357
77150
30252
99308
15980
35783
41240
54172
80779
51398
86382
62662
43839
17341
68398
82824
83978
83761
82894
63411
49046
24775
50491
65890
47783
38835
72796
93332
37001
50313
89942
82302
12442
45495
20544
30552
13535
43802
14479
56682
18350
60612
54179
95366
74980
87194
71268
51820
18973
41397
27651
77638
67580
50735
51474
85930
48569
68184
88678
56610
25896
72160
61175
61589
59765
52156
60597
44648
26002
28218
99129
72547
36096
27833
35670
96601
66143
82506
20129
58288
68303
57020
79763
59311
24301
53586
18389
40448
67807
92476
34446
42529
58239
32378
36373
17575
76179
35065
11104
43442
99791
95074
85320
43499
98761
79828
50816
67920
50442
91842
62052
72850
35755
84600
94248
18558
34368
61430
65598
96352
54822
49857
19968
98618
71122
94968
77029
36239
40586
15411
33734
77894
19503
23671
45920
81941
14030
93653
22381
19913
19636
44965
89219
67202
97176
31434
69842
38499
67243
42690
24675
82569
31234
88950
88806
52710
36046
34484
95878
73331
41304
29125
59763
38712
31779
66516
70767
36677
28137
45532
68541
14468
72564
94084
90296
65635
72375
23620
31112
53357
48396
96667
11593
33653
85076
90214
81068
52670
67577
98185
15560
35443
41895
82649
37651
59830
13667
62294
46275
79970
20393
58594
40047
59140
23592
95233
20662
60829
29698
29241
89029
67183
63631
45002
58996
49316
60769
34102
70373
85654
79888
56971
65847
31616
97624
88102
52346
27439
85736
32898
48161
34762
99723
44527
44240
96384
64701
32753
92766
30613
49221
12363
14026
27401
95426
14162
26781
11721
83808
38420
96734
48963
49900
94237
45521
98805
61794
97560
30751
16621
63342
64206
49669
32225
23603
24867
46621
61671
61644
72487
11512
44007
40411
94459
56346
24588
43283
32237
59977
76871
87696
58658
69347
54332
37160
99806
73751
39364
89364
55105
29678
43198
79636
15438
47340
77931
81966
80698
89156
19524
73102
57601
75841
59025
71616
96751
42260
51889
82884
89217
77606
91762
23458
41014
10191
13953
91661
77263
48834
75605
97132
19722
93091
57173
52744
97646
90762
19298
65779
27990
68307
49021
95865
60156
41094
85266
93696
20895
87446
34996
16698
68524
33670
83198
29211
74222
50138
17210
57165
31808
49526
36346
94788
92551
44113
80519
78124
71644
58707
88000
88582
91237
40064
70552
18029
83744
11177
56184
89846
25303
82483
74289
85629
26420
54297
54235
84867
67129
28162
41047
77552
62352
29276
16204
98894
96800
92036
20126
66083
97596
50498
99969
80627
64353
56073
74313
76169
52664
83396
98810
14650
33232
56726
61724
76275
66946
87571
62505
98905
87698
53524
76668
27243
82209
85408
23468
67088
29176
85757
98704
32536
63474
99389
10940
96383
71287
85804
39424
10091
56707
77969
74571
95417
59129
90175
64844
33906
45127
82795
10842
80148
55957
22444
75729
91303
93838
70194
33709
31609
48788
58819
53789
33871
38949
19068
23489
45404
62560
16481
16322
52899
15287
77514
90010
26322
90117
79881
22369
26065
49532
60067
54362
65122
56262
41614
33609
80431
17808
89728
14820
73714
39996
64146
57860
39481
60536
66837
64255
96594
31195
62210
77144
50305
31552
14002
70111
99248
66842
78575
83463
93222
82120
40778
17032
60299
10958
69443
48069
58840
91716
63509
33602
29418
55409
46224
27248
19046
53799
32673
63141
58483
82595
30609
45786
45125
40788
71837
26539
97679
87226
28020
98809
70619
40220
81795
38927
27619
34541
46958
56764
18167
22013
68781
44526
97462
43129
66413
93187
38234
16064
10207
93848
99663
13433
40308
88380
50727
12028
86443
96835
95185
89242
20507
24251
15668
50102
66663
25978
89498
34673
69364
53732
18581
61836
80473
25768
23371
38498
65907
84481
49831
71281
87718
42277
94388
18699
43861
38752
39924
90028
44197
87416
79475
38345
92708
94529
91058
47342
20173
91604
55103
94720
57845
57637
64772
58326
35334
52697
81413
58564
38166
94073
59158
89106
80180
37833
22554
81974
84670
26661
33577
14414
31274
48421
95628
72982
59772
35992
77060
79022
11269
49290
47823
72208
29941
49714
53189
